//Maya ASCII 2016 scene
//Name: Reindeer_Skin.ma
//Last modified: Sat, Nov 21, 2015 08:52:17 PM
//Codeset: 1252
file -rdi 1 -dns -rpr "Reindeer_Skeleton" -rfn "Reindeer_SkeletonRN" -typ "mayaAscii"
		 "C:/Users/Nathan/Documents/christmas/SourceContent/Reindeer/Rig/Reindeer_Skeleton.ma";
file -rdi 1 -dns -rpr "Reindeer" -rfn "ReindeerRN" -typ "mayaAscii" "C:/Users/Nathan/Documents/christmas/SourceContent/Reindeer/Model/Reindeer.ma";
file -r -dns -rpr "Reindeer_Skeleton" -dr 1 -rfn "Reindeer_SkeletonRN" -typ "mayaAscii"
		 "C:/Users/Nathan/Documents/christmas/SourceContent/Reindeer/Rig/Reindeer_Skeleton.ma";
file -r -dns -rpr "Reindeer" -dr 1 -rfn "ReindeerRN" -typ "mayaAscii" "C:/Users/Nathan/Documents/christmas/SourceContent/Reindeer/Model/Reindeer.ma";
requires maya "2016";
requires -nodeType "ikSpringSolver" "ikSpringSolver" "1.0";
requires "stereoCamera" "10.0";
currentUnit -l centimeter -a degree -t ntsc;
fileInfo "application" "maya";
fileInfo "product" "Maya 2016";
fileInfo "version" "2016";
fileInfo "cutIdentifier" "201502261600-953408";
fileInfo "osv" "Microsoft Windows 8 Business Edition, 64-bit  (Build 9200)\n";
createNode transform -s -n "persp";
	rename -uid "6C7DDABF-403F-A5CF-B070-3BBEDA01AC63";
	setAttr ".v" no;
	setAttr ".t" -type "double3" 1138.0782293866716 573.791785395994 810.27812957784272 ;
	setAttr ".r" -type "double3" -11.138352729194789 -663.00000000000716 1.4599369843988248e-015 ;
createNode camera -s -n "perspShape" -p "persp";
	rename -uid "C4B086D7-4605-CC01-5C5B-3795DAC26A80";
	setAttr -k off ".v" no;
	setAttr ".fl" 34.999999999999993;
	setAttr ".ncp" 1;
	setAttr ".fcp" 1000000;
	setAttr ".coi" 1398.2905792495337;
	setAttr ".imn" -type "string" "persp";
	setAttr ".den" -type "string" "persp_depth";
	setAttr ".man" -type "string" "persp_mask";
	setAttr ".hc" -type "string" "viewSet -p %camera";
createNode transform -s -n "top";
	rename -uid "006D6300-48E2-A405-4FAB-B7AC5E2E6FBD";
	setAttr ".v" no;
	setAttr ".t" -type "double3" 0 100.1 0 ;
	setAttr ".r" -type "double3" -89.999999999999986 0 0 ;
createNode camera -s -n "topShape" -p "top";
	rename -uid "6D2909CE-4261-2E2B-2512-BF92528EB92F";
	setAttr -k off ".v" no;
	setAttr ".rnd" no;
	setAttr ".coi" 100.1;
	setAttr ".ow" 30;
	setAttr ".imn" -type "string" "top";
	setAttr ".den" -type "string" "top_depth";
	setAttr ".man" -type "string" "top_mask";
	setAttr ".hc" -type "string" "viewSet -t %camera";
	setAttr ".o" yes;
createNode transform -s -n "front";
	rename -uid "EF176B26-42BA-7351-9512-D798B4D54A1F";
	setAttr ".v" no;
	setAttr ".t" -type "double3" 0 0 100.1 ;
createNode camera -s -n "frontShape" -p "front";
	rename -uid "CC1622AD-47C1-FBD5-393F-D68257341921";
	setAttr -k off ".v" no;
	setAttr ".rnd" no;
	setAttr ".coi" 100.1;
	setAttr ".ow" 30;
	setAttr ".imn" -type "string" "front";
	setAttr ".den" -type "string" "front_depth";
	setAttr ".man" -type "string" "front_mask";
	setAttr ".hc" -type "string" "viewSet -f %camera";
	setAttr ".o" yes;
createNode transform -s -n "side";
	rename -uid "849AB5FC-460F-0D8C-7E5F-2CA290F17EBA";
	setAttr ".v" no;
	setAttr ".t" -type "double3" 100.1 0 0 ;
	setAttr ".r" -type "double3" 0 89.999999999999986 0 ;
createNode camera -s -n "sideShape" -p "side";
	rename -uid "98877F94-42A7-EFD3-4173-C28B8BB4F964";
	setAttr -k off ".v" no;
	setAttr ".rnd" no;
	setAttr ".coi" 100.1;
	setAttr ".ow" 30;
	setAttr ".imn" -type "string" "side";
	setAttr ".den" -type "string" "side_depth";
	setAttr ".man" -type "string" "side_mask";
	setAttr ".hc" -type "string" "viewSet -s %camera";
	setAttr ".o" yes;
createNode fosterParent -n "ReindeerRNfosterParent1";
	rename -uid "5885EBFC-413D-7545-6BCD-57ACAF3960D5";
createNode mesh -n "SatleShapeDeformed" -p "ReindeerRNfosterParent1";
	rename -uid "DE40B27B-47B8-02F1-4C0C-CE86449029C4";
	setAttr -k off ".v";
	setAttr -s 4 ".iog[0].og";
	setAttr ".vir" yes;
	setAttr ".vif" yes;
	setAttr ".pv" -type "double2" 0.93619167804718018 0.11351795122027397 ;
	setAttr ".uvst[0].uvsn" -type "string" "UVChannel_1";
	setAttr ".cuvs" -type "string" "UVChannel_1";
	setAttr ".dcc" -type "string" "Ambient+Diffuse";
	setAttr ".covm[0]"  0 1 1;
	setAttr ".cdvm[0]"  0 1 1;
	setAttr ".vs" 10;
createNode mesh -n "RudolfShapeDeformed" -p "ReindeerRNfosterParent1";
	rename -uid "F2DD2FC6-43B3-A14E-0E86-28A8D8A7C243";
	setAttr -k off ".v";
	setAttr -s 4 ".iog[0].og";
	setAttr ".vir" yes;
	setAttr ".vif" yes;
	setAttr ".pv" -type "double2" 0.42019905149936676 0.40572395920753479 ;
	setAttr ".uvst[0].uvsn" -type "string" "UVChannel_1";
	setAttr ".cuvs" -type "string" "UVChannel_1";
	setAttr ".dcc" -type "string" "Ambient+Diffuse";
	setAttr ".covm[0]"  0 1 1;
	setAttr ".cdvm[0]"  0 1 1;
	setAttr ".vs" 10;
createNode lightLinker -s -n "lightLinker1";
	rename -uid "C439F405-4138-E15B-9D23-2DA046CA6094";
	setAttr -s 3 ".lnk";
	setAttr -s 3 ".slnk";
createNode displayLayerManager -n "layerManager";
	rename -uid "B7AA0595-4465-77EC-2FEC-83B158313CBF";
createNode displayLayer -n "defaultLayer";
	rename -uid "00025052-4CBD-FEC9-947F-8B9990AB13B0";
createNode renderLayerManager -n "renderLayerManager";
	rename -uid "2FCB2098-4CE0-6569-7010-8DBA24687627";
createNode renderLayer -n "defaultRenderLayer";
	rename -uid "C7B52647-46E7-36B5-2EEF-1CAA4CAB2608";
	setAttr ".g" yes;
createNode reference -n "Reindeer_SkeletonRN";
	rename -uid "453FD27A-4D48-DB58-38D0-C98F015AF9CD";
	setAttr -s 184 ".phl";
	setAttr ".phl[1]" 0;
	setAttr ".phl[2]" 0;
	setAttr ".phl[3]" 0;
	setAttr ".phl[4]" 0;
	setAttr ".phl[5]" 0;
	setAttr ".phl[6]" 0;
	setAttr ".phl[7]" 0;
	setAttr ".phl[8]" 0;
	setAttr ".phl[9]" 0;
	setAttr ".phl[10]" 0;
	setAttr ".phl[11]" 0;
	setAttr ".phl[12]" 0;
	setAttr ".phl[13]" 0;
	setAttr ".phl[14]" 0;
	setAttr ".phl[15]" 0;
	setAttr ".phl[16]" 0;
	setAttr ".phl[17]" 0;
	setAttr ".phl[18]" 0;
	setAttr ".phl[19]" 0;
	setAttr ".phl[20]" 0;
	setAttr ".phl[21]" 0;
	setAttr ".phl[22]" 0;
	setAttr ".phl[23]" 0;
	setAttr ".phl[24]" 0;
	setAttr ".phl[25]" 0;
	setAttr ".phl[26]" 0;
	setAttr ".phl[27]" 0;
	setAttr ".phl[28]" 0;
	setAttr ".phl[29]" 0;
	setAttr ".phl[30]" 0;
	setAttr ".phl[31]" 0;
	setAttr ".phl[32]" 0;
	setAttr ".phl[33]" 0;
	setAttr ".phl[34]" 0;
	setAttr ".phl[35]" 0;
	setAttr ".phl[36]" 0;
	setAttr ".phl[37]" 0;
	setAttr ".phl[38]" 0;
	setAttr ".phl[39]" 0;
	setAttr ".phl[40]" 0;
	setAttr ".phl[41]" 0;
	setAttr ".phl[42]" 0;
	setAttr ".phl[43]" 0;
	setAttr ".phl[44]" 0;
	setAttr ".phl[45]" 0;
	setAttr ".phl[46]" 0;
	setAttr ".phl[47]" 0;
	setAttr ".phl[48]" 0;
	setAttr ".phl[49]" 0;
	setAttr ".phl[50]" 0;
	setAttr ".phl[51]" 0;
	setAttr ".phl[52]" 0;
	setAttr ".phl[53]" 0;
	setAttr ".phl[54]" 0;
	setAttr ".phl[55]" 0;
	setAttr ".phl[56]" 0;
	setAttr ".phl[57]" 0;
	setAttr ".phl[58]" 0;
	setAttr ".phl[59]" 0;
	setAttr ".phl[60]" 0;
	setAttr ".phl[61]" 0;
	setAttr ".phl[62]" 0;
	setAttr ".phl[63]" 0;
	setAttr ".phl[64]" 0;
	setAttr ".phl[65]" 0;
	setAttr ".phl[66]" 0;
	setAttr ".phl[67]" 0;
	setAttr ".phl[68]" 0;
	setAttr ".phl[69]" 0;
	setAttr ".phl[70]" 0;
	setAttr ".phl[71]" 0;
	setAttr ".phl[72]" 0;
	setAttr ".phl[73]" 0;
	setAttr ".phl[74]" 0;
	setAttr ".phl[75]" 0;
	setAttr ".phl[76]" 0;
	setAttr ".phl[77]" 0;
	setAttr ".phl[78]" 0;
	setAttr ".phl[79]" 0;
	setAttr ".phl[80]" 0;
	setAttr ".phl[81]" 0;
	setAttr ".phl[82]" 0;
	setAttr ".phl[83]" 0;
	setAttr ".phl[84]" 0;
	setAttr ".phl[85]" 0;
	setAttr ".phl[86]" 0;
	setAttr ".phl[87]" 0;
	setAttr ".phl[88]" 0;
	setAttr ".phl[89]" 0;
	setAttr ".phl[90]" 0;
	setAttr ".phl[91]" 0;
	setAttr ".phl[92]" 0;
	setAttr ".phl[93]" 0;
	setAttr ".phl[94]" 0;
	setAttr ".phl[95]" 0;
	setAttr ".phl[96]" 0;
	setAttr ".phl[97]" 0;
	setAttr ".phl[98]" 0;
	setAttr ".phl[99]" 0;
	setAttr ".phl[100]" 0;
	setAttr ".phl[101]" 0;
	setAttr ".phl[102]" 0;
	setAttr ".phl[103]" 0;
	setAttr ".phl[104]" 0;
	setAttr ".phl[105]" 0;
	setAttr ".phl[106]" 0;
	setAttr ".phl[107]" 0;
	setAttr ".phl[108]" 0;
	setAttr ".phl[109]" 0;
	setAttr ".phl[110]" 0;
	setAttr ".phl[111]" 0;
	setAttr ".phl[112]" 0;
	setAttr ".phl[113]" 0;
	setAttr ".phl[114]" 0;
	setAttr ".phl[115]" 0;
	setAttr ".phl[116]" 0;
	setAttr ".phl[117]" 0;
	setAttr ".phl[118]" 0;
	setAttr ".phl[119]" 0;
	setAttr ".phl[120]" 0;
	setAttr ".phl[121]" 0;
	setAttr ".phl[122]" 0;
	setAttr ".phl[123]" 0;
	setAttr ".phl[124]" 0;
	setAttr ".phl[125]" 0;
	setAttr ".phl[126]" 0;
	setAttr ".phl[127]" 0;
	setAttr ".phl[128]" 0;
	setAttr ".phl[129]" 0;
	setAttr ".phl[130]" 0;
	setAttr ".phl[131]" 0;
	setAttr ".phl[132]" 0;
	setAttr ".phl[133]" 0;
	setAttr ".phl[134]" 0;
	setAttr ".phl[135]" 0;
	setAttr ".phl[136]" 0;
	setAttr ".phl[137]" 0;
	setAttr ".phl[138]" 0;
	setAttr ".phl[139]" 0;
	setAttr ".phl[140]" 0;
	setAttr ".phl[141]" 0;
	setAttr ".phl[142]" 0;
	setAttr ".phl[143]" 0;
	setAttr ".phl[144]" 0;
	setAttr ".phl[145]" 0;
	setAttr ".phl[146]" 0;
	setAttr ".phl[147]" 0;
	setAttr ".phl[148]" 0;
	setAttr ".phl[149]" 0;
	setAttr ".phl[150]" 0;
	setAttr ".phl[151]" 0;
	setAttr ".phl[152]" 0;
	setAttr ".phl[153]" 0;
	setAttr ".phl[154]" 0;
	setAttr ".phl[155]" 0;
	setAttr ".phl[156]" 0;
	setAttr ".phl[157]" 0;
	setAttr ".phl[158]" 0;
	setAttr ".phl[159]" 0;
	setAttr ".phl[160]" 0;
	setAttr ".phl[161]" 0;
	setAttr ".phl[162]" 0;
	setAttr ".phl[163]" 0;
	setAttr ".phl[164]" 0;
	setAttr ".phl[165]" 0;
	setAttr ".phl[166]" 0;
	setAttr ".phl[167]" 0;
	setAttr ".phl[168]" 0;
	setAttr ".phl[169]" 0;
	setAttr ".phl[170]" 0;
	setAttr ".phl[171]" 0;
	setAttr ".phl[172]" 0;
	setAttr ".phl[173]" 0;
	setAttr ".phl[174]" 0;
	setAttr ".phl[175]" 0;
	setAttr ".phl[176]" 0;
	setAttr ".phl[177]" 0;
	setAttr ".phl[178]" 0;
	setAttr ".phl[179]" 0;
	setAttr ".phl[180]" 0;
	setAttr ".phl[181]" 0;
	setAttr ".phl[182]" 0;
	setAttr ".phl[183]" 0;
	setAttr ".phl[184]" 0;
	setAttr ".ed" -type "dataReferenceEdits" 
		"Reindeer_SkeletonRN"
		"Reindeer_SkeletonRN" 0
		"Reindeer_SkeletonRN" 368
		1 |ref_frame "lockInfluenceWeights" "liw" " -ci 1 -min 0 -max 1 -at \"bool\""
		
		1 |ref_frame|pelvis "lockInfluenceWeights" "liw" " -ci 1 -min 0 -max 1 -at \"bool\""
		
		1 |ref_frame|pelvis|hips "lockInfluenceWeights" "liw" " -ci 1 -min 0 -max 1 -at \"bool\""
		
		1 |ref_frame|pelvis|hips|l_femur "lockInfluenceWeights" "liw" " -ci 1 -min 0 -max 1 -at \"bool\""
		
		1 |ref_frame|pelvis|hips|l_femur|l_tibia "lockInfluenceWeights" "liw" " -ci 1 -min 0 -max 1 -at \"bool\""
		
		1 |ref_frame|pelvis|hips|l_femur|l_tibia|l_metatarsal "lockInfluenceWeights" 
		"liw" " -ci 1 -min 0 -max 1 -at \"bool\""
		1 |ref_frame|pelvis|hips|l_femur|l_tibia|l_metatarsal|l_pastern "lockInfluenceWeights" 
		"liw" " -ci 1 -min 0 -max 1 -at \"bool\""
		1 |ref_frame|pelvis|hips|spine_01 "lockInfluenceWeights" "liw" " -ci 1 -min 0 -max 1 -at \"bool\""
		
		1 |ref_frame|pelvis|hips|spine_01|spine_02 "lockInfluenceWeights" "liw" " -ci 1 -min 0 -max 1 -at \"bool\""
		
		1 |ref_frame|pelvis|hips|spine_01|spine_02|spine_03 "lockInfluenceWeights" 
		"liw" " -ci 1 -min 0 -max 1 -at \"bool\""
		1 |ref_frame|pelvis|hips|spine_01|spine_02|spine_03|spine_04 "lockInfluenceWeights" 
		"liw" " -ci 1 -min 0 -max 1 -at \"bool\""
		1 |ref_frame|pelvis|hips|spine_01|spine_02|spine_03|spine_04|spine_05 "lockInfluenceWeights" 
		"liw" " -ci 1 -min 0 -max 1 -at \"bool\""
		1 |ref_frame|pelvis|hips|spine_01|spine_02|spine_03|spine_04|spine_05|thorax 
		"lockInfluenceWeights" "liw" " -ci 1 -min 0 -max 1 -at \"bool\""
		1 |ref_frame|pelvis|hips|spine_01|spine_02|spine_03|spine_04|spine_05|thorax|l_fnt_humerus 
		"lockInfluenceWeights" "liw" " -ci 1 -min 0 -max 1 -at \"bool\""
		1 |ref_frame|pelvis|hips|spine_01|spine_02|spine_03|spine_04|spine_05|thorax|l_fnt_humerus|l_fnt_metacarpal 
		"lockInfluenceWeights" "liw" " -ci 1 -min 0 -max 1 -at \"bool\""
		1 |ref_frame|pelvis|hips|spine_01|spine_02|spine_03|spine_04|spine_05|thorax|l_fnt_humerus|l_fnt_metacarpal|l_fnt_pastern 
		"lockInfluenceWeights" "liw" " -ci 1 -min 0 -max 1 -at \"bool\""
		1 |ref_frame|pelvis|hips|spine_01|spine_02|spine_03|spine_04|spine_05|thorax|r_fnt_humerus 
		"lockInfluenceWeights" "liw" " -ci 1 -min 0 -max 1 -at \"bool\""
		1 |ref_frame|pelvis|hips|spine_01|spine_02|spine_03|spine_04|spine_05|thorax|r_fnt_humerus|r_fnt_metacarpal 
		"lockInfluenceWeights" "liw" " -ci 1 -min 0 -max 1 -at \"bool\""
		1 |ref_frame|pelvis|hips|spine_01|spine_02|spine_03|spine_04|spine_05|thorax|r_fnt_humerus|r_fnt_metacarpal|r_fnt_pastern 
		"lockInfluenceWeights" "liw" " -ci 1 -min 0 -max 1 -at \"bool\""
		1 |ref_frame|pelvis|hips|spine_01|spine_02|spine_03|spine_04|spine_05|thorax|neckBase 
		"lockInfluenceWeights" "liw" " -ci 1 -min 0 -max 1 -at \"bool\""
		1 |ref_frame|pelvis|hips|spine_01|spine_02|spine_03|spine_04|spine_05|thorax|neckBase|neck 
		"lockInfluenceWeights" "liw" " -ci 1 -min 0 -max 1 -at \"bool\""
		1 |ref_frame|pelvis|hips|spine_01|spine_02|spine_03|spine_04|spine_05|thorax|neckBase|neck|head 
		"lockInfluenceWeights" "liw" " -ci 1 -min 0 -max 1 -at \"bool\""
		1 |ref_frame|pelvis|hips|r_femur "lockInfluenceWeights" "liw" " -ci 1 -min 0 -max 1 -at \"bool\""
		
		1 |ref_frame|pelvis|hips|r_femur|r_tibia "lockInfluenceWeights" "liw" " -ci 1 -min 0 -max 1 -at \"bool\""
		
		1 |ref_frame|pelvis|hips|r_femur|r_tibia|r_metatarsal "lockInfluenceWeights" 
		"liw" " -ci 1 -min 0 -max 1 -at \"bool\""
		1 |ref_frame|pelvis|hips|r_femur|r_tibia|r_metatarsal|r_pastern "lockInfluenceWeights" 
		"liw" " -ci 1 -min 0 -max 1 -at \"bool\""
		2 "|ref_frame" "useObjectColor" " 1"
		2 "|ref_frame" "objectColor" " 0"
		2 "|ref_frame" "segmentScaleCompensate" " 1"
		2 "|ref_frame" "bindPose" " -type \"matrix\" 1 0 0 0 0 1 0 0 0 0 1 0 0 0 10.322264773308 1"
		
		2 "|ref_frame" "lockInfluenceWeights" " 0"
		2 "|ref_frame|pelvis" "useObjectColor" " 1"
		2 "|ref_frame|pelvis" "objectColor" " 1"
		2 "|ref_frame|pelvis" "bindPose" " -type \"matrix\" 0 0 1.0000000000000002 0 0 1 0 0 -1.0000000000000002 0 0 0 0 232.42308711591741 -72.195067408442185 1"
		
		2 "|ref_frame|pelvis" "lockInfluenceWeights" " 0"
		2 "|ref_frame|pelvis|hips" "useObjectColor" " 1"
		2 "|ref_frame|pelvis|hips" "objectColor" " 2"
		2 "|ref_frame|pelvis|hips" "rotate" " -type \"double3\" 0 0 0"
		2 "|ref_frame|pelvis|hips" "segmentScaleCompensate" " 1"
		2 "|ref_frame|pelvis|hips" "bindPose" " -type \"matrix\" 0 0 1.0000000000000002 0 0 1 0 0 -1.0000000000000002 0 0 0 0 232.42308711591741 -72.195067408442185 1"
		
		2 "|ref_frame|pelvis|hips" "lockInfluenceWeights" " 0"
		2 "|ref_frame|pelvis|hips|l_femur" "visibility" " 1"
		2 "|ref_frame|pelvis|hips|l_femur" "useObjectColor" " 1"
		2 "|ref_frame|pelvis|hips|l_femur" "objectColor" " 3"
		2 "|ref_frame|pelvis|hips|l_femur" "translate" " -type \"double3\" -3.4364080829390105 -11.426279360077302 -48.218898531538571"
		
		2 "|ref_frame|pelvis|hips|l_femur" "rotate" " -type \"double3\" 0 0 0"
		2 "|ref_frame|pelvis|hips|l_femur" "rotateZ" " -av"
		2 "|ref_frame|pelvis|hips|l_femur" "scale" " -type \"double3\" 1 1 1"
		2 "|ref_frame|pelvis|hips|l_femur" "segmentScaleCompensate" " 1"
		2 "|ref_frame|pelvis|hips|l_femur" "bindPose" " -type \"matrix\" -0.082713528313459739 -0.95872590144880609 0.27203514134227674 0 0.023382815039709078 0.27102834184994606 0.96228731773565834 0 -0.99629900943178584 0.085955126695519135 0 0 48.218898531538585 220.99680775584011 -75.63147549138121 1"
		
		2 "|ref_frame|pelvis|hips|l_femur" "lockInfluenceWeights" " 0"
		2 "|ref_frame|pelvis|hips|l_femur|l_tibia" "useObjectColor" " 1"
		2 "|ref_frame|pelvis|hips|l_femur|l_tibia" "objectColor" " 4"
		2 "|ref_frame|pelvis|hips|l_femur|l_tibia" "bindPose" " -type \"matrix\" -0.073166617250642441 -0.58220963005696413 -0.80973983030911301 0 -0.10096630584242022 -0.80342043655458839 0.58678906534713904 0 -0.99219577261981584 0.12468981031089565 0 0 42.638111194415792 156.31034739471806 -57.276917258754736 1"
		
		2 "|ref_frame|pelvis|hips|l_femur|l_tibia" "lockInfluenceWeights" " 0"
		2 "|ref_frame|pelvis|hips|l_femur|l_tibia|l_metatarsal" "useObjectColor" 
		" 1"
		2 "|ref_frame|pelvis|hips|l_femur|l_tibia|l_metatarsal" "objectColor" " 5"
		
		2 "|ref_frame|pelvis|hips|l_femur|l_tibia|l_metatarsal" "bindPose" " -type \"matrix\" -0.064285018712655365 -0.97298579392550089 0.22173425803938313 0 0.014618076783577729 0.22125187687209616 0.97510713196639287 0 -0.99782450771679454 0.065926108634872596 0 0 38.702444204291957 124.99301568730917 -100.83320618515103 1"
		
		2 "|ref_frame|pelvis|hips|l_femur|l_tibia|l_metatarsal" "lockInfluenceWeights" 
		" 0"
		2 "|ref_frame|pelvis|hips|l_femur|l_tibia|l_metatarsal|l_pastern" "useObjectColor" 
		" 1"
		2 "|ref_frame|pelvis|hips|l_femur|l_tibia|l_metatarsal|l_pastern" "objectColor" 
		" 6"
		2 "|ref_frame|pelvis|hips|l_femur|l_tibia|l_metatarsal|l_pastern" "bindPose" 
		" -type \"matrix\" -0.064285018712655365 -0.97298579392550089 0.22173425803938313 0 0.014618076783577729 0.22125187687209616 0.97510713196639287 0 -0.99782450771679454 0.065926108634872596 0 0 33.136186047791803 40.744924607101893 -81.633863210638268 1"
		
		2 "|ref_frame|pelvis|hips|l_femur|l_tibia|l_metatarsal|l_pastern" "lockInfluenceWeights" 
		" 0"
		2 "|ref_frame|pelvis|hips|spine_01" "useObjectColor" " 1"
		2 "|ref_frame|pelvis|hips|spine_01" "objectColor" " 3"
		2 "|ref_frame|pelvis|hips|spine_01" "rotate" " -type \"double3\" 0 0 0"
		2 "|ref_frame|pelvis|hips|spine_01" "segmentScaleCompensate" " 1"
		2 "|ref_frame|pelvis|hips|spine_01" "bindPose" " -type \"matrix\" 0 0 1.0000000000000002 0 0 1 0 0 -1.0000000000000002 0 0 0 0 232.42308711591741 -55.69160082669201 1"
		
		2 "|ref_frame|pelvis|hips|spine_01" "lockInfluenceWeights" " 0"
		2 "|ref_frame|pelvis|hips|spine_01|spine_02" "useObjectColor" " 1"
		2 "|ref_frame|pelvis|hips|spine_01|spine_02" "objectColor" " 4"
		2 "|ref_frame|pelvis|hips|spine_01|spine_02" "rotate" " -type \"double3\" 0 0 0"
		
		2 "|ref_frame|pelvis|hips|spine_01|spine_02" "segmentScaleCompensate" " 1"
		
		2 "|ref_frame|pelvis|hips|spine_01|spine_02" "bindPose" " -type \"matrix\" 0 0 1.0000000000000002 0 0 1 0 0 -1.0000000000000002 0 0 0 0 232.42308711591741 -22.684668026691995 1"
		
		2 "|ref_frame|pelvis|hips|spine_01|spine_02" "lockInfluenceWeights" " 0"
		2 "|ref_frame|pelvis|hips|spine_01|spine_02|spine_03" "useObjectColor" " 1"
		
		2 "|ref_frame|pelvis|hips|spine_01|spine_02|spine_03" "objectColor" " 5"
		2 "|ref_frame|pelvis|hips|spine_01|spine_02|spine_03" "rotate" " -type \"double3\" 0 0 0"
		
		2 "|ref_frame|pelvis|hips|spine_01|spine_02|spine_03" "segmentScaleCompensate" 
		" 1"
		2 "|ref_frame|pelvis|hips|spine_01|spine_02|spine_03" "bindPose" " -type \"matrix\" 0 0 1.0000000000000002 0 0 1 0 0 -1.0000000000000002 0 0 0 0 232.42308711591741 10.322264773308014 1"
		
		2 "|ref_frame|pelvis|hips|spine_01|spine_02|spine_03" "lockInfluenceWeights" 
		" 0"
		2 "|ref_frame|pelvis|hips|spine_01|spine_02|spine_03|spine_04" "useObjectColor" 
		" 1"
		2 "|ref_frame|pelvis|hips|spine_01|spine_02|spine_03|spine_04" "objectColor" 
		" 6"
		2 "|ref_frame|pelvis|hips|spine_01|spine_02|spine_03|spine_04" "rotate" " -type \"double3\" 0 0 0"
		
		2 "|ref_frame|pelvis|hips|spine_01|spine_02|spine_03|spine_04" "segmentScaleCompensate" 
		" 1"
		2 "|ref_frame|pelvis|hips|spine_01|spine_02|spine_03|spine_04" "bindPose" 
		" -type \"matrix\" 0 0 1.0000000000000002 0 0 1 0 0 -1.0000000000000002 0 0 0 0 232.42308711591741 43.329197573308008 1"
		
		2 "|ref_frame|pelvis|hips|spine_01|spine_02|spine_03|spine_04" "lockInfluenceWeights" 
		" 0"
		2 "|ref_frame|pelvis|hips|spine_01|spine_02|spine_03|spine_04|spine_05" "useObjectColor" 
		" 1"
		2 "|ref_frame|pelvis|hips|spine_01|spine_02|spine_03|spine_04|spine_05" "objectColor" 
		" 7"
		2 "|ref_frame|pelvis|hips|spine_01|spine_02|spine_03|spine_04|spine_05" "rotate" 
		" -type \"double3\" 0 0 0"
		2 "|ref_frame|pelvis|hips|spine_01|spine_02|spine_03|spine_04|spine_05" "segmentScaleCompensate" 
		" 1"
		2 "|ref_frame|pelvis|hips|spine_01|spine_02|spine_03|spine_04|spine_05" "bindPose" 
		" -type \"matrix\" 0 0 1.0000000000000002 0 0 1 0 0 -1.0000000000000002 0 0 0 0 232.42308711591741 76.336130373308038 1"
		
		2 "|ref_frame|pelvis|hips|spine_01|spine_02|spine_03|spine_04|spine_05" "lockInfluenceWeights" 
		" 0"
		2 "|ref_frame|pelvis|hips|spine_01|spine_02|spine_03|spine_04|spine_05|thorax" 
		"useObjectColor" " 1"
		2 "|ref_frame|pelvis|hips|spine_01|spine_02|spine_03|spine_04|spine_05|thorax" 
		"objectColor" " 0"
		2 "|ref_frame|pelvis|hips|spine_01|spine_02|spine_03|spine_04|spine_05|thorax" 
		"bindPose" " -type \"matrix\" 0 0 1.0000000000000002 0 0 1 0 0 -1.0000000000000002 0 0 0 0 232.42308711591741 92.839596955058198 1"
		
		2 "|ref_frame|pelvis|hips|spine_01|spine_02|spine_03|spine_04|spine_05|thorax" 
		"lockInfluenceWeights" " 0"
		2 "|ref_frame|pelvis|hips|spine_01|spine_02|spine_03|spine_04|spine_05|thorax|l_fnt_humerus" 
		"visibility" " 1"
		2 "|ref_frame|pelvis|hips|spine_01|spine_02|spine_03|spine_04|spine_05|thorax|l_fnt_humerus" 
		"useObjectColor" " 1"
		2 "|ref_frame|pelvis|hips|spine_01|spine_02|spine_03|spine_04|spine_05|thorax|l_fnt_humerus" 
		"objectColor" " 1"
		2 "|ref_frame|pelvis|hips|spine_01|spine_02|spine_03|spine_04|spine_05|thorax|l_fnt_humerus" 
		"translate" " -type \"double3\" 5.8593266959954633 -18.341454555869063 -45.988075806042318"
		
		2 "|ref_frame|pelvis|hips|spine_01|spine_02|spine_03|spine_04|spine_05|thorax|l_fnt_humerus" 
		"rotate" " -type \"double3\" 0 0 0"
		2 "|ref_frame|pelvis|hips|spine_01|spine_02|spine_03|spine_04|spine_05|thorax|l_fnt_humerus" 
		"rotateY" " -av"
		2 "|ref_frame|pelvis|hips|spine_01|spine_02|spine_03|spine_04|spine_05|thorax|l_fnt_humerus" 
		"rotateZ" " -av"
		2 "|ref_frame|pelvis|hips|spine_01|spine_02|spine_03|spine_04|spine_05|thorax|l_fnt_humerus" 
		"scale" " -type \"double3\" 1 1 1"
		2 "|ref_frame|pelvis|hips|spine_01|spine_02|spine_03|spine_04|spine_05|thorax|l_fnt_humerus" 
		"segmentScaleCompensate" " 1"
		2 "|ref_frame|pelvis|hips|spine_01|spine_02|spine_03|spine_04|spine_05|thorax|l_fnt_humerus" 
		"bindPose" " -type \"matrix\" -0.087860666602631421 -0.99143411462521025 0.096637982291988098 0 0.0085306042079501057 0.096260731418963852 0.99531959710363072 0 -0.9960962463818388 0.088273823662575329 0 0 45.988075806042325 214.08163256004835 98.698923651053647 1"
		
		2 "|ref_frame|pelvis|hips|spine_01|spine_02|spine_03|spine_04|spine_05|thorax|l_fnt_humerus" 
		"lockInfluenceWeights" " 0"
		2 "|ref_frame|pelvis|hips|spine_01|spine_02|spine_03|spine_04|spine_05|thorax|l_fnt_humerus|l_fnt_metacarpal" 
		"useObjectColor" " 1"
		2 "|ref_frame|pelvis|hips|spine_01|spine_02|spine_03|spine_04|spine_05|thorax|l_fnt_humerus|l_fnt_metacarpal" 
		"objectColor" " 2"
		2 "|ref_frame|pelvis|hips|spine_01|spine_02|spine_03|spine_04|spine_05|thorax|l_fnt_humerus|l_fnt_metacarpal" 
		"rotate" " -type \"double3\" 0 0 0"
		2 "|ref_frame|pelvis|hips|spine_01|spine_02|spine_03|spine_04|spine_05|thorax|l_fnt_humerus|l_fnt_metacarpal" 
		"segmentScaleCompensate" " 1"
		2 "|ref_frame|pelvis|hips|spine_01|spine_02|spine_03|spine_04|spine_05|thorax|l_fnt_humerus|l_fnt_metacarpal" 
		"bindPose" " -type \"matrix\" -0.052083927011659203 -0.9780246901410814 -0.20187860218826026 0 -0.010735671937347103 -0.20159294474147518 0.97941055231119212 0 -0.99858500384048343 0.053178850165288311 0 0 36.866473993273623 111.15198762453849 108.73177712852217 1"
		
		2 "|ref_frame|pelvis|hips|spine_01|spine_02|spine_03|spine_04|spine_05|thorax|l_fnt_humerus|l_fnt_metacarpal" 
		"lockInfluenceWeights" " 0"
		2 "|ref_frame|pelvis|hips|spine_01|spine_02|spine_03|spine_04|spine_05|thorax|l_fnt_humerus|l_fnt_metacarpal|l_fnt_pastern" 
		"useObjectColor" " 1"
		2 "|ref_frame|pelvis|hips|spine_01|spine_02|spine_03|spine_04|spine_05|thorax|l_fnt_humerus|l_fnt_metacarpal|l_fnt_pastern" 
		"objectColor" " 3"
		2 "|ref_frame|pelvis|hips|spine_01|spine_02|spine_03|spine_04|spine_05|thorax|l_fnt_humerus|l_fnt_metacarpal|l_fnt_pastern" 
		"bindPose" " -type \"matrix\" -0.052083927011659203 -0.9780246901410814 -0.20187860218826026 0 -0.010735671937347103 -0.20159294474147518 0.97941055231119212 0 -0.99858500384048343 0.053178850165288311 0 0 33.445873313485365 46.920426912969873 95.473443444787264 1"
		
		2 "|ref_frame|pelvis|hips|spine_01|spine_02|spine_03|spine_04|spine_05|thorax|l_fnt_humerus|l_fnt_metacarpal|l_fnt_pastern" 
		"lockInfluenceWeights" " 0"
		2 "|ref_frame|pelvis|hips|spine_01|spine_02|spine_03|spine_04|spine_05|thorax|r_fnt_humerus" 
		"useObjectColor" " 1"
		2 "|ref_frame|pelvis|hips|spine_01|spine_02|spine_03|spine_04|spine_05|thorax|r_fnt_humerus" 
		"objectColor" " 1"
		2 "|ref_frame|pelvis|hips|spine_01|spine_02|spine_03|spine_04|spine_05|thorax|r_fnt_humerus" 
		"rotate" " -type \"double3\" 0 0 0"
		2 "|ref_frame|pelvis|hips|spine_01|spine_02|spine_03|spine_04|spine_05|thorax|r_fnt_humerus" 
		"segmentScaleCompensate" " 1"
		2 "|ref_frame|pelvis|hips|spine_01|spine_02|spine_03|spine_04|spine_05|thorax|r_fnt_humerus" 
		"bindPose" " -type \"matrix\" -0.087860666602631393 0.99143411462521025 -0.096637982291988958 0 0.0085306042079492782 -0.096260731418964962 -0.99531959710363072 0 -0.9960962463818388 -0.088273823662575232 0 0 -45.98810000000001 214.082 98.698900000000023 1"
		
		2 "|ref_frame|pelvis|hips|spine_01|spine_02|spine_03|spine_04|spine_05|thorax|r_fnt_humerus" 
		"lockInfluenceWeights" " 0"
		2 "|ref_frame|pelvis|hips|spine_01|spine_02|spine_03|spine_04|spine_05|thorax|r_fnt_humerus|r_fnt_metacarpal" 
		"useObjectColor" " 1"
		2 "|ref_frame|pelvis|hips|spine_01|spine_02|spine_03|spine_04|spine_05|thorax|r_fnt_humerus|r_fnt_metacarpal" 
		"objectColor" " 2"
		2 "|ref_frame|pelvis|hips|spine_01|spine_02|spine_03|spine_04|spine_05|thorax|r_fnt_humerus|r_fnt_metacarpal" 
		"rotate" " -type \"double3\" 0 0 0"
		2 "|ref_frame|pelvis|hips|spine_01|spine_02|spine_03|spine_04|spine_05|thorax|r_fnt_humerus|r_fnt_metacarpal" 
		"segmentScaleCompensate" " 1"
		2 "|ref_frame|pelvis|hips|spine_01|spine_02|spine_03|spine_04|spine_05|thorax|r_fnt_humerus|r_fnt_metacarpal" 
		"bindPose" " -type \"matrix\" -0.052083927011659231 0.97802469014108162 0.20187860218825962 0 -0.010735671937331083 0.20159294474147529 -0.97941055231119234 0 -0.99858500384048354 -0.053178850165285105 0 0 -36.8665 111.152 108.73200000000003 1"
		
		2 "|ref_frame|pelvis|hips|spine_01|spine_02|spine_03|spine_04|spine_05|thorax|r_fnt_humerus|r_fnt_metacarpal" 
		"lockInfluenceWeights" " 0"
		2 "|ref_frame|pelvis|hips|spine_01|spine_02|spine_03|spine_04|spine_05|thorax|r_fnt_humerus|r_fnt_metacarpal|r_fnt_pastern" 
		"useObjectColor" " 1"
		2 "|ref_frame|pelvis|hips|spine_01|spine_02|spine_03|spine_04|spine_05|thorax|r_fnt_humerus|r_fnt_metacarpal|r_fnt_pastern" 
		"objectColor" " 3"
		2 "|ref_frame|pelvis|hips|spine_01|spine_02|spine_03|spine_04|spine_05|thorax|r_fnt_humerus|r_fnt_metacarpal|r_fnt_pastern" 
		"bindPose" " -type \"matrix\" -0.052083927011659231 0.97802469014108162 0.20187860218825962 0 -0.010735671937331083 0.20159294474147529 -0.97941055231119234 0 -0.99858500384048354 -0.053178850165285105 0 0 -33.4459 46.920399999999987 95.473400000000041 1"
		
		2 "|ref_frame|pelvis|hips|spine_01|spine_02|spine_03|spine_04|spine_05|thorax|r_fnt_humerus|r_fnt_metacarpal|r_fnt_pastern" 
		"lockInfluenceWeights" " 0"
		2 "|ref_frame|pelvis|hips|spine_01|spine_02|spine_03|spine_04|spine_05|thorax|neckBase" 
		"visibility" " 1"
		2 "|ref_frame|pelvis|hips|spine_01|spine_02|spine_03|spine_04|spine_05|thorax|neckBase" 
		"useObjectColor" " 1"
		2 "|ref_frame|pelvis|hips|spine_01|spine_02|spine_03|spine_04|spine_05|thorax|neckBase" 
		"objectColor" " 1"
		2 "|ref_frame|pelvis|hips|spine_01|spine_02|spine_03|spine_04|spine_05|thorax|neckBase" 
		"translate" " -type \"double3\" 7.324568659949108 51.572528130797906 0"
		2 "|ref_frame|pelvis|hips|spine_01|spine_02|spine_03|spine_04|spine_05|thorax|neckBase" 
		"rotate" " -type \"double3\" 0 0 0"
		2 "|ref_frame|pelvis|hips|spine_01|spine_02|spine_03|spine_04|spine_05|thorax|neckBase" 
		"rotateX" " -av"
		2 "|ref_frame|pelvis|hips|spine_01|spine_02|spine_03|spine_04|spine_05|thorax|neckBase" 
		"rotateY" " -av"
		2 "|ref_frame|pelvis|hips|spine_01|spine_02|spine_03|spine_04|spine_05|thorax|neckBase" 
		"rotateZ" " -av"
		2 "|ref_frame|pelvis|hips|spine_01|spine_02|spine_03|spine_04|spine_05|thorax|neckBase" 
		"scale" " -type \"double3\" 1 1 1"
		2 "|ref_frame|pelvis|hips|spine_01|spine_02|spine_03|spine_04|spine_05|thorax|neckBase" 
		"segmentScaleCompensate" " 1"
		2 "|ref_frame|pelvis|hips|spine_01|spine_02|spine_03|spine_04|spine_05|thorax|neckBase" 
		"bindPose" " -type \"matrix\" 0 0.97758886526498945 0.21052318283246224 0 0 -0.2105231828324623 0.97758886526498967 0 1.0000000000000002 0 0 0 0 283.99561524671532 100.16416561500731 1"
		
		2 "|ref_frame|pelvis|hips|spine_01|spine_02|spine_03|spine_04|spine_05|thorax|neckBase" 
		"lockInfluenceWeights" " 0"
		2 "|ref_frame|pelvis|hips|spine_01|spine_02|spine_03|spine_04|spine_05|thorax|neckBase|neck" 
		"visibility" " 1"
		2 "|ref_frame|pelvis|hips|spine_01|spine_02|spine_03|spine_04|spine_05|thorax|neckBase|neck" 
		"useObjectColor" " 1"
		2 "|ref_frame|pelvis|hips|spine_01|spine_02|spine_03|spine_04|spine_05|thorax|neckBase|neck" 
		"objectColor" " 2"
		2 "|ref_frame|pelvis|hips|spine_01|spine_02|spine_03|spine_04|spine_05|thorax|neckBase|neck" 
		"translate" " -type \"double3\" 56.587329315653449 0 0"
		2 "|ref_frame|pelvis|hips|spine_01|spine_02|spine_03|spine_04|spine_05|thorax|neckBase|neck" 
		"rotate" " -type \"double3\" 0 0 0"
		2 "|ref_frame|pelvis|hips|spine_01|spine_02|spine_03|spine_04|spine_05|thorax|neckBase|neck" 
		"rotateX" " -av"
		2 "|ref_frame|pelvis|hips|spine_01|spine_02|spine_03|spine_04|spine_05|thorax|neckBase|neck" 
		"rotateY" " -av"
		2 "|ref_frame|pelvis|hips|spine_01|spine_02|spine_03|spine_04|spine_05|thorax|neckBase|neck" 
		"rotateZ" " -av"
		2 "|ref_frame|pelvis|hips|spine_01|spine_02|spine_03|spine_04|spine_05|thorax|neckBase|neck" 
		"scale" " -type \"double3\" 1 1 1"
		2 "|ref_frame|pelvis|hips|spine_01|spine_02|spine_03|spine_04|spine_05|thorax|neckBase|neck" 
		"segmentScaleCompensate" " 1"
		2 "|ref_frame|pelvis|hips|spine_01|spine_02|spine_03|spine_04|spine_05|thorax|neckBase|neck" 
		"bindPose" " -type \"matrix\" 0 0.59590313857010757 0.80305631772765196 0 1.0000000000000004 0 0 0 0 0.80305631772765185 -0.59590313857010802 0 0 339.31475830078125 112.07711029052739 1"
		
		2 "|ref_frame|pelvis|hips|spine_01|spine_02|spine_03|spine_04|spine_05|thorax|neckBase|neck" 
		"lockInfluenceWeights" " 0"
		2 "|ref_frame|pelvis|hips|spine_01|spine_02|spine_03|spine_04|spine_05|thorax|neckBase|neck|head" 
		"useObjectColor" " 1"
		2 "|ref_frame|pelvis|hips|spine_01|spine_02|spine_03|spine_04|spine_05|thorax|neckBase|neck|head" 
		"objectColor" " 3"
		2 "|ref_frame|pelvis|hips|spine_01|spine_02|spine_03|spine_04|spine_05|thorax|neckBase|neck|head" 
		"rotate" " -type \"double3\" 0 0 0"
		2 "|ref_frame|pelvis|hips|spine_01|spine_02|spine_03|spine_04|spine_05|thorax|neckBase|neck|head" 
		"segmentScaleCompensate" " 1"
		2 "|ref_frame|pelvis|hips|spine_01|spine_02|spine_03|spine_04|spine_05|thorax|neckBase|neck|head" 
		"bindPose" " -type \"matrix\" 1.0000000000000004 0 0 0 0 1.0000000000000002 0 0 0 0 1.0000000000000004 0 0 386.21650480897489 175.28326143825211 1"
		
		2 "|ref_frame|pelvis|hips|spine_01|spine_02|spine_03|spine_04|spine_05|thorax|neckBase|neck|head" 
		"lockInfluenceWeights" " 0"
		2 "|ref_frame|pelvis|hips|r_femur" "useObjectColor" " 1"
		2 "|ref_frame|pelvis|hips|r_femur" "objectColor" " 3"
		2 "|ref_frame|pelvis|hips|r_femur" "bindPose" " -type \"matrix\" -0.082713528313459753 0.95872590144880598 -0.27203514134227708 0 0.023382815039712446 -0.27102834184994617 -0.96228731773565823 0 -0.99629900943178573 -0.085955126695520079 0 0 -48.218900000000012 220.997 -75.6315 1"
		
		2 "|ref_frame|pelvis|hips|r_femur" "lockInfluenceWeights" " 0"
		2 "|ref_frame|pelvis|hips|r_femur|r_tibia" "useObjectColor" " 1"
		2 "|ref_frame|pelvis|hips|r_femur|r_tibia" "objectColor" " 4"
		2 "|ref_frame|pelvis|hips|r_femur|r_tibia" "rotate" " -type \"double3\" 0 0 0"
		
		2 "|ref_frame|pelvis|hips|r_femur|r_tibia" "segmentScaleCompensate" " 1"
		2 "|ref_frame|pelvis|hips|r_femur|r_tibia" "bindPose" " -type \"matrix\" -0.073166617250642468 0.58220963005696436 0.80973983030911267 0 -0.10096630584243044 0.80342043655458684 -0.58678906534713937 0 -0.99219577261981473 -0.12468981031090395 0 0 -42.638100000000016 156.31000000000003 -57.276900000000012 1"
		
		2 "|ref_frame|pelvis|hips|r_femur|r_tibia" "lockInfluenceWeights" " 0"
		2 "|ref_frame|pelvis|hips|r_femur|r_tibia|r_metatarsal" "useObjectColor" 
		" 1"
		2 "|ref_frame|pelvis|hips|r_femur|r_tibia|r_metatarsal" "objectColor" " 5"
		
		2 "|ref_frame|pelvis|hips|r_femur|r_tibia|r_metatarsal" "rotate" " -type \"double3\" 0 0 0"
		
		2 "|ref_frame|pelvis|hips|r_femur|r_tibia|r_metatarsal" "segmentScaleCompensate" 
		" 1"
		2 "|ref_frame|pelvis|hips|r_femur|r_tibia|r_metatarsal" "bindPose" " -type \"matrix\" -0.064285018712655365 0.97298579392550077 -0.22173425803938399 0 0.01461807678356106 -0.22125187687209802 -0.97510713196639276 0 -0.99782450771679465 -0.065926108634868891 0 0 -38.702400000000019 124.99300000000007 -100.833 1"
		
		2 "|ref_frame|pelvis|hips|r_femur|r_tibia|r_metatarsal" "lockInfluenceWeights" 
		" 0"
		2 "|ref_frame|pelvis|hips|r_femur|r_tibia|r_metatarsal|r_pastern" "useObjectColor" 
		" 1"
		2 "|ref_frame|pelvis|hips|r_femur|r_tibia|r_metatarsal|r_pastern" "objectColor" 
		" 6"
		2 "|ref_frame|pelvis|hips|r_femur|r_tibia|r_metatarsal|r_pastern" "bindPose" 
		" -type \"matrix\" -0.064285018712655365 0.97298579392550077 -0.22173425803938399 0 0.01461807678356106 -0.22125187687209802 -0.97510713196639276 0 -0.99782450771679465 -0.065926108634868891 0 0 -33.136200000000009 40.744900000000044 -81.6339 1"
		
		2 "|ref_frame|pelvis|hips|r_femur|r_tibia|r_metatarsal|r_pastern" "lockInfluenceWeights" 
		" 0"
		5 3 "Reindeer_SkeletonRN" "|ref_frame.bindPose" "Reindeer_SkeletonRN.placeHolderList[1]" 
		""
		5 3 "Reindeer_SkeletonRN" "|ref_frame.message" "Reindeer_SkeletonRN.placeHolderList[2]" 
		""
		5 3 "Reindeer_SkeletonRN" "|ref_frame|pelvis.lockInfluenceWeights" "Reindeer_SkeletonRN.placeHolderList[3]" 
		""
		5 3 "Reindeer_SkeletonRN" "|ref_frame|pelvis.lockInfluenceWeights" "Reindeer_SkeletonRN.placeHolderList[4]" 
		""
		5 3 "Reindeer_SkeletonRN" "|ref_frame|pelvis.bindPose" "Reindeer_SkeletonRN.placeHolderList[5]" 
		""
		5 3 "Reindeer_SkeletonRN" "|ref_frame|pelvis.message" "Reindeer_SkeletonRN.placeHolderList[6]" 
		""
		5 3 "Reindeer_SkeletonRN" "|ref_frame|pelvis.worldMatrix" "Reindeer_SkeletonRN.placeHolderList[7]" 
		""
		5 3 "Reindeer_SkeletonRN" "|ref_frame|pelvis.worldMatrix" "Reindeer_SkeletonRN.placeHolderList[8]" 
		""
		5 3 "Reindeer_SkeletonRN" "|ref_frame|pelvis.objectColorRGB" "Reindeer_SkeletonRN.placeHolderList[9]" 
		""
		5 3 "Reindeer_SkeletonRN" "|ref_frame|pelvis.objectColorRGB" "Reindeer_SkeletonRN.placeHolderList[10]" 
		""
		5 3 "Reindeer_SkeletonRN" "|ref_frame|pelvis|hips.lockInfluenceWeights" 
		"Reindeer_SkeletonRN.placeHolderList[11]" ""
		5 3 "Reindeer_SkeletonRN" "|ref_frame|pelvis|hips.lockInfluenceWeights" 
		"Reindeer_SkeletonRN.placeHolderList[12]" ""
		5 3 "Reindeer_SkeletonRN" "|ref_frame|pelvis|hips.bindPose" "Reindeer_SkeletonRN.placeHolderList[13]" 
		""
		5 3 "Reindeer_SkeletonRN" "|ref_frame|pelvis|hips.message" "Reindeer_SkeletonRN.placeHolderList[14]" 
		""
		5 3 "Reindeer_SkeletonRN" "|ref_frame|pelvis|hips.worldMatrix" "Reindeer_SkeletonRN.placeHolderList[15]" 
		""
		5 3 "Reindeer_SkeletonRN" "|ref_frame|pelvis|hips.worldMatrix" "Reindeer_SkeletonRN.placeHolderList[16]" 
		""
		5 3 "Reindeer_SkeletonRN" "|ref_frame|pelvis|hips.objectColorRGB" "Reindeer_SkeletonRN.placeHolderList[17]" 
		""
		5 3 "Reindeer_SkeletonRN" "|ref_frame|pelvis|hips.objectColorRGB" "Reindeer_SkeletonRN.placeHolderList[18]" 
		""
		5 3 "Reindeer_SkeletonRN" "|ref_frame|pelvis|hips|l_femur.lockInfluenceWeights" 
		"Reindeer_SkeletonRN.placeHolderList[19]" ""
		5 3 "Reindeer_SkeletonRN" "|ref_frame|pelvis|hips|l_femur.lockInfluenceWeights" 
		"Reindeer_SkeletonRN.placeHolderList[20]" ""
		5 3 "Reindeer_SkeletonRN" "|ref_frame|pelvis|hips|l_femur.bindPose" 
		"Reindeer_SkeletonRN.placeHolderList[21]" ""
		5 3 "Reindeer_SkeletonRN" "|ref_frame|pelvis|hips|l_femur.message" "Reindeer_SkeletonRN.placeHolderList[22]" 
		""
		5 3 "Reindeer_SkeletonRN" "|ref_frame|pelvis|hips|l_femur.worldMatrix" 
		"Reindeer_SkeletonRN.placeHolderList[23]" ""
		5 3 "Reindeer_SkeletonRN" "|ref_frame|pelvis|hips|l_femur.worldMatrix" 
		"Reindeer_SkeletonRN.placeHolderList[24]" ""
		5 3 "Reindeer_SkeletonRN" "|ref_frame|pelvis|hips|l_femur.objectColorRGB" 
		"Reindeer_SkeletonRN.placeHolderList[25]" ""
		5 3 "Reindeer_SkeletonRN" "|ref_frame|pelvis|hips|l_femur.objectColorRGB" 
		"Reindeer_SkeletonRN.placeHolderList[26]" ""
		5 3 "Reindeer_SkeletonRN" "|ref_frame|pelvis|hips|l_femur|l_tibia.lockInfluenceWeights" 
		"Reindeer_SkeletonRN.placeHolderList[27]" ""
		5 3 "Reindeer_SkeletonRN" "|ref_frame|pelvis|hips|l_femur|l_tibia.lockInfluenceWeights" 
		"Reindeer_SkeletonRN.placeHolderList[28]" ""
		5 3 "Reindeer_SkeletonRN" "|ref_frame|pelvis|hips|l_femur|l_tibia.bindPose" 
		"Reindeer_SkeletonRN.placeHolderList[29]" ""
		5 3 "Reindeer_SkeletonRN" "|ref_frame|pelvis|hips|l_femur|l_tibia.message" 
		"Reindeer_SkeletonRN.placeHolderList[30]" ""
		5 3 "Reindeer_SkeletonRN" "|ref_frame|pelvis|hips|l_femur|l_tibia.worldMatrix" 
		"Reindeer_SkeletonRN.placeHolderList[31]" ""
		5 3 "Reindeer_SkeletonRN" "|ref_frame|pelvis|hips|l_femur|l_tibia.worldMatrix" 
		"Reindeer_SkeletonRN.placeHolderList[32]" ""
		5 3 "Reindeer_SkeletonRN" "|ref_frame|pelvis|hips|l_femur|l_tibia.objectColorRGB" 
		"Reindeer_SkeletonRN.placeHolderList[33]" ""
		5 3 "Reindeer_SkeletonRN" "|ref_frame|pelvis|hips|l_femur|l_tibia.objectColorRGB" 
		"Reindeer_SkeletonRN.placeHolderList[34]" ""
		5 3 "Reindeer_SkeletonRN" "|ref_frame|pelvis|hips|l_femur|l_tibia|l_metatarsal.lockInfluenceWeights" 
		"Reindeer_SkeletonRN.placeHolderList[35]" ""
		5 3 "Reindeer_SkeletonRN" "|ref_frame|pelvis|hips|l_femur|l_tibia|l_metatarsal.bindPose" 
		"Reindeer_SkeletonRN.placeHolderList[36]" ""
		5 3 "Reindeer_SkeletonRN" "|ref_frame|pelvis|hips|l_femur|l_tibia|l_metatarsal.message" 
		"Reindeer_SkeletonRN.placeHolderList[37]" ""
		5 3 "Reindeer_SkeletonRN" "|ref_frame|pelvis|hips|l_femur|l_tibia|l_metatarsal.worldMatrix" 
		"Reindeer_SkeletonRN.placeHolderList[38]" ""
		5 3 "Reindeer_SkeletonRN" "|ref_frame|pelvis|hips|l_femur|l_tibia|l_metatarsal.objectColorRGB" 
		"Reindeer_SkeletonRN.placeHolderList[39]" ""
		5 3 "Reindeer_SkeletonRN" "|ref_frame|pelvis|hips|l_femur|l_tibia|l_metatarsal|l_pastern.lockInfluenceWeights" 
		"Reindeer_SkeletonRN.placeHolderList[40]" ""
		5 3 "Reindeer_SkeletonRN" "|ref_frame|pelvis|hips|l_femur|l_tibia|l_metatarsal|l_pastern.bindPose" 
		"Reindeer_SkeletonRN.placeHolderList[41]" ""
		5 3 "Reindeer_SkeletonRN" "|ref_frame|pelvis|hips|l_femur|l_tibia|l_metatarsal|l_pastern.message" 
		"Reindeer_SkeletonRN.placeHolderList[42]" ""
		5 3 "Reindeer_SkeletonRN" "|ref_frame|pelvis|hips|l_femur|l_tibia|l_metatarsal|l_pastern.worldMatrix" 
		"Reindeer_SkeletonRN.placeHolderList[43]" ""
		5 3 "Reindeer_SkeletonRN" "|ref_frame|pelvis|hips|l_femur|l_tibia|l_metatarsal|l_pastern.objectColorRGB" 
		"Reindeer_SkeletonRN.placeHolderList[44]" ""
		5 3 "Reindeer_SkeletonRN" "|ref_frame|pelvis|hips|spine_01.lockInfluenceWeights" 
		"Reindeer_SkeletonRN.placeHolderList[45]" ""
		5 3 "Reindeer_SkeletonRN" "|ref_frame|pelvis|hips|spine_01.lockInfluenceWeights" 
		"Reindeer_SkeletonRN.placeHolderList[46]" ""
		5 3 "Reindeer_SkeletonRN" "|ref_frame|pelvis|hips|spine_01.bindPose" 
		"Reindeer_SkeletonRN.placeHolderList[47]" ""
		5 3 "Reindeer_SkeletonRN" "|ref_frame|pelvis|hips|spine_01.message" 
		"Reindeer_SkeletonRN.placeHolderList[48]" ""
		5 3 "Reindeer_SkeletonRN" "|ref_frame|pelvis|hips|spine_01.worldMatrix" 
		"Reindeer_SkeletonRN.placeHolderList[49]" ""
